 0 0 1 6.5 0 0 1.0027 6.724 0 -0 -3.07485e-06 -2.06121e-05 -0
 0.005 0.0325228 0.999708 6.51336 -0.118084 0.0336142 1.00221 6.72051 -0.197234 -1.03044e-07 -3.07334e-06 -2.0602e-05 6.01972e-07
 0.01 0.0651707 0.998794 6.54845 -0.251035 0.0671936 1.00073 6.71011 -0.394008 -2.05987e-07 -3.06883e-06 -2.05718e-05 1.20309e-06
 0.015 0.0980249 0.997159 6.59388 -0.407145 0.100704 0.998268 6.69296 -0.589946 -3.08728e-07 -3.06132e-06 -2.05215e-05 1.80252e-06
 0.02 0.131107 0.994682 6.63801 -0.587262 0.134112 0.994831 6.66923 -0.784758 -4.11168e-07 -3.05081e-06 -2.04512e-05 2.39941e-06
 0.025 0.164389 0.991251 6.67245 -0.787927 0.167386 0.990423 6.63908 -0.978213 -5.13207e-07 -3.03733e-06 -2.0361e-05 2.99294e-06
 0.03 0.197807 0.986776 6.69206 -1.0044 0.200492 0.985051 6.60263 -1.1701 -6.14746e-07 -3.02089e-06 -2.02513e-05 3.58228e-06
 0.035 0.23128 0.981189 6.69393 -1.23212 0.233402 0.978725 6.56001 -1.3602 -7.15688e-07 -3.00151e-06 -2.01222e-05 4.16663e-06
 0.04 0.264714 0.974443 6.67633 -1.46695 0.266082 0.971453 6.51133 -1.54832 -8.15936e-07 -2.97923e-06 -1.99741e-05 4.74521e-06
 0.045 0.298009 0.966513 6.63819 -1.70508 0.298505 0.963245 6.4567 -1.73423 -9.15397e-07 -2.95407e-06 -1.98072e-05 5.31726e-06
 0.05 0.33106 0.957393 6.57896 -1.94271 0.33064 0.954114 6.39626 -1.91776 -1.01398e-06 -2.92607e-06 -1.96219e-05 5.88203e-06
 0.055 0.363763 0.947094 6.49866 -2.17594 0.362458 0.944072 6.33014 -2.0987 -1.11159e-06 -2.89526e-06 -1.94186e-05 6.43881e-06
 0.06 0.396013 0.935647 6.39805 -2.4008 0.393932 0.933132 6.25847 -2.27687 -1.20813e-06 -2.8617e-06 -1.91977e-05 6.98691e-06
 0.065 0.427712 0.923106 6.27873 -2.61333 0.425034 0.921308 6.18138 -2.45211 -1.30353e-06 -2.82541e-06 -1.89598e-05 7.52568e-06
 0.07 0.458773 0.909541 6.14326 -2.80972 0.455737 0.908616 6.09901 -2.62426 -1.3977e-06 -2.78646e-06 -1.87053e-05 8.05448e-06
 0.075 0.489124 0.895042 5.99519 -2.9865 0.486015 0.895071 6.01149 -2.79316 -1.49056e-06 -2.74488e-06 -1.84347e-05 8.57273e-06
 0.08 0.518712 0.879714 5.8393 -3.14066 0.515844 0.88069 5.91894 -2.95867 -1.58202e-06 -2.70075e-06 -1.81485e-05 9.07986e-06
 0.085 0.547514 0.863677 5.68197 -3.27013 0.545197 0.86549 5.82147 -3.12063 -1.67202e-06 -2.6541e-06 -1.78474e-05 9.57536e-06
 0.09 0.575543 0.847054 5.5314 -3.37485 0.57405 0.84949 5.71917 -3.27888 -1.76047e-06 -2.60501e-06 -1.7532e-05 1.00587e-05
 0.095 0.602855 0.829964 5.39695 -3.45855 0.60238 0.832708 5.61214 -3.43323 -1.84732e-06 -2.55354e-06 -1.72027e-05 1.05295e-05
 0.1 0.629553 0.812489 5.28665 -3.53038 0.630164 0.815164 5.50047 -3.58343 -1.93248e-06 -2.49974e-06 -1.68603e-05 1.09873e-05
 0.105 0.655767 0.794657 5.20288 -3.60393 0.657378 0.796881 5.38435 -3.7292 -2.0159e-06 -2.44369e-06 -1.65054e-05 1.14317e-05
 0.11 0.681617 0.776424 5.13974 -3.6924 0.684 0.77788 5.26406 -3.87026 -2.09751e-06 -2.38545e-06 -1.61386e-05 1.18623e-05
 0.115 0.707179 0.757695 5.08548 -3.80294 0.710012 0.758187 5.13994 -4.00643 -2.17727e-06 -2.32509e-06 -1.57605e-05 1.2279e-05
 0.12 0.732467 0.738358 5.02813 -3.93521 0.735394 0.737824 5.01236 -4.13761 -2.2551e-06 -2.26268e-06 -1.53718e-05 1.26813e-05
 0.125 0.757441 0.718315 4.95934 -4.08426 0.76013 0.716819 4.88163 -4.2638 -2.33097e-06 -2.1983e-06 -1.49731e-05 1.30691e-05
 0.13 0.782034 0.697498 4.87476 -4.24395 0.784205 0.695195 4.74801 -4.38499 -2.40482e-06 -2.13201e-06 -1.45652e-05 1.34422e-05
 0.135 0.80616 0.675867 4.77267 -4.40877 0.807606 0.672977 4.61174 -4.50121 -2.47661e-06 -2.0639e-06 -1.41485e-05 1.38003e-05
 0.14 0.82973 0.653409 4.65264 -4.57423 0.830319 0.650191 4.47303 -4.61245 -2.54629e-06 -1.99404e-06 -1.37238e-05 1.41435e-05
 0.145 0.852656 0.63013 4.51478 -4.73653 0.852332 0.626861 4.33209 -4.71874 -2.61383e-06 -1.92249e-06 -1.32917e-05 1.44714e-05
 0.15 0.874849 0.606055 4.35943 -4.8921 0.873636 0.603012 4.18913 -4.82008 -2.6792e-06 -1.84935e-06 -1.28528e-05 1.47842e-05
 0.155 0.896223 0.581226 4.18733 -5.03733 0.894221 0.578668 4.04433 -4.91652 -2.74235e-06 -1.77468e-06 -1.24078e-05 1.50817e-05
 0.16 0.916697 0.555705 3.99989 -5.16834 0.914077 0.553855 3.89788 -5.00808 -2.80326e-06 -1.69856e-06 -1.19572e-05 1.53639e-05
 0.165 0.9362 0.529573 3.79961 -5.28122 0.933197 0.528595 3.74994 -5.09483 -2.86191e-06 -1.62106e-06 -1.15016e-05 1.56309e-05
 0.17 0.954678 0.502929 3.59035 -5.37239 0.951574 0.502914 3.60066 -5.17681 -2.91827e-06 -1.54227e-06 -1.10417e-05 1.58827e-05
 0.175 0.972097 0.47589 3.37744 -5.43918 0.969202 0.476835 3.45017 -5.25407 -2.97232e-06 -1.46226e-06 -1.05779e-05 1.61192e-05
 0.18 0.988457 0.44858 3.16748 -5.48053 0.986074 0.450381 3.29855 -5.32667 -3.02405e-06 -1.3811e-06 -1.01108e-05 1.63407e-05
 0.185 1.00379 0.421125 2.96793 -5.49765 1.00219 0.423576 3.14591 -5.39461 -3.07343e-06 -1.29888e-06 -9.64099e-06 1.65472e-05
 0.19 1.01817 0.393638 2.78628 -5.49468 1.01753 0.396443 2.99232 -5.45789 -3.12045e-06 -1.21566e-06 -9.16895e-06 1.67389e-05
 0.195 1.03169 0.3662 2.62864 -5.47914 1.03211 0.369005 2.83787 -5.51646 -3.16511e-06 -1.13151e-06 -8.69519e-06 1.69158e-05
 0.2 1.0445 0.33885 2.49773 -5.46152 1.04591 0.341286 2.68269 -5.57025 -3.2074e-06 -1.04652e-06 -8.2202e-06 1.70782e-05
 0.205 1.05671 0.311569 2.391 -5.45322 1.05893 0.313311 2.52697 -5.61918 -3.24731e-06 -9.60756e-07 -7.74443e-06 1.72261e-05
 0.21 1.06844 0.284287 2.30046 -5.46312 1.07118 0.285103 2.37094 -5.6632 -3.28485e-06 -8.74286e-07 -7.26833e-06 1.73599e-05
 0.215 1.07972 0.256901 2.21521 -5.49476 1.08264 0.256687 2.21489 -5.70234 -3.32e-06 -7.87181e-07 -6.79234e-06 1.74796e-05
 0.22 1.09058 0.229306 2.12517 -5.54611 1.09333 0.228087 2.05907 -5.73669 -3.35277e-06 -6.99512e-07 -6.31688e-06 1.75856e-05
 0.225 1.10096 0.201416 2.02353 -5.61176 1.10323 0.199328 1.90368 -5.76638 -3.38317e-06 -6.11348e-07 -5.84232e-06 1.76779e-05
 0.23 1.11079 0.173174 1.90692 -5.68552 1.11237 0.170431 1.74891 -5.79157 -3.4112e-06 -5.22755e-07 -5.36907e-06 1.7757e-05
 0.235 1.12 0.144556 1.77437 -5.76186 1.12072 0.141419 1.59487 -5.81239 -3.43686e-06 -4.338e-07 -4.89747e-06 1.78228e-05
 0.24 1.12851 0.115559 1.62609 -5.83626 1.12832 0.112314 1.44168 -5.82899 -3.46017e-06 -3.44548e-07 -4.42787e-06 1.78758e-05
 0.245 1.13623 0.0862029 1.46279 -5.90495 1.13514 0.0831363 1.28944 -5.84149 -3.48114e-06 -2.55063e-07 -3.96059e-06 1.79162e-05
 0.25 1.14311 0.0565249 1.2854 -5.96444 1.14121 0.0539058 1.13824 -5.85002 -3.49978e-06 -1.65406e-07 -3.49595e-06 1.79442e-05
 0.255 1.14907 0.0265799 1.09521 -6.01111 1.14653 0.0246425 0.988157 -5.8547 -3.51611e-06 -7.56407e-08 -3.03424e-06 1.79601e-05
 0.26 1.15405 -0.00355833 0.894342 -6.0411 1.15109 -0.00463495 0.839262 -5.85566 -3.53013e-06 1.41747e-08 -2.57574e-06 1.79641e-05
 0.265 1.158 -0.0337967 0.686277 -6.05054 1.15492 -0.0339082 0.691599 -5.85304 -3.54187e-06 1.03981e-07 -2.12071e-06 1.79565e-05
 0.27 1.1609 -0.0640239 0.476288 -6.03624 1.15801 -0.0631596 0.545187 -5.84697 -3.55135e-06 1.93721e-07 -1.6694e-06 1.79376e-05
 0.275 1.16277 -0.0941167 0.271413 -5.99678 1.16038 -0.0923723 0.400018 -5.83754 -3.55857e-06 2.83338e-07 -1.22205e-06 1.79076e-05
 0.28 1.16364 -0.123952 0.0796874 -5.93362 1.16202 -0.12153 0.256069 -5.82483 -3.56357e-06 3.72779e-07 -7.78863e-07 1.78668e-05
 0.285 1.1636 -0.153421 -0.0913277 -5.85173 1.16294 -0.150615 0.113316 -5.80886 -3.56637e-06 4.61988e-07 -3.4006e-07 1.78154e-05
 0.29 1.16277 -0.182451 -0.236323 -5.7593 1.16315 -0.179613 -0.0282406 -5.78962 -3.56698e-06 5.50915e-07 9.41711e-08 1.77537e-05
 0.295 1.16129 -0.211014 -0.353758 -5.66649 1.16266 -0.208506 -0.168559 -5.76709 -3.56543e-06 6.39509e-07 5.23649e-07 1.76821e-05
 0.3 1.15928 -0.239133 -0.446578 -5.58339 1.16147 -0.237278 -0.307549 -5.74121 -3.56175e-06 7.2772e-07 9.48205e-07 1.76006e-05
 0.305 1.15685 -0.266877 -0.521773 -5.51783 1.15958 -0.265912 -0.445074 -5.71199 -3.55596e-06 8.155e-07 1.36768e-06 1.75097e-05
 0.31 1.15407 -0.294347 -0.588687 -5.47367 1.15702 -0.294392 -0.580975 -5.67945 -3.54808e-06 9.02802e-07 1.78194e-06 1.74095e-05
 0.315 1.15096 -0.321649 -0.656654 -5.45032 1.15378 -0.322702 -0.715094 -5.6437 -3.53815e-06 9.8958e-07 2.19083e-06 1.73003e-05
 0.32 1.14749 -0.348879 -0.733012 -5.44384 1.14987 -0.350824 -0.847302 -5.60486 -3.52619e-06 1.07579e-06 2.59424e-06 1.71824e-05
 0.325 1.14361 -0.376106 -0.822253 -5.44863 1.14531 -0.378745 -0.977508 -5.56308 -3.51222e-06 1.16139e-06 2.99204e-06 1.7056e-05
 0.33 1.13924 -0.403374 -0.926322 -5.459 1.1401 -0.40645 -1.10565 -5.51851 -3.49627e-06 1.24634e-06 3.38414e-06 1.69213e-05
 0.335 1.13432 -0.430697 -1.04546 -5.46994 1.13426 -0.433926 -1.2317 -5.47128 -3.47839e-06 1.33059e-06 3.77044e-06 1.67785e-05
 0.34 1.12876 -0.458068 -1.17901 -5.47724 1.12779 -0.461159 -1.35563 -5.42153 -3.45858e-06 1.41411e-06 4.15083e-06 1.6628e-05
 0.345 1.12251 -0.485458 -1.32591 -5.47722 1.1207 -0.488137 -1.47742 -5.36937 -3.43689e-06 1.49686e-06 4.52525e-06 1.647e-05
 0.35 1.11549 -0.512822 -1.48478 -5.46633 1.11302 -0.514849 -1.59708 -5.31492 -3.41334e-06 1.5788e-06 4.89362e-06 1.63046e-05
 0.355 1.10764 -0.540097 -1.65367 -5.44087 1.10474 -0.541283 -1.71459 -5.25831 -3.38796e-06 1.65989e-06 5.25587e-06 1.61321e-05
 0.36 1.09894 -0.5672 -1.82951 -5.39692 1.09587 -0.567429 -1.82998 -5.19964 -3.36079e-06 1.74011e-06 5.61193e-06 1.59527e-05
 0.365 1.08934 -0.594029 -2.00748 -5.33086 1.08644 -0.593276 -1.94329 -5.13904 -3.33185e-06 1.81941e-06 5.96176e-06 1.57667e-05
 0.37 1.07887 -0.620467 -2.18058 -5.24048 1.07644 -0.618816 -2.05458 -5.07659 -3.30118e-06 1.89776e-06 6.30531e-06 1.55742e-05
 0.375 1.06756 -0.646394 -2.34021 -5.12657 1.0659 -0.644039 -2.16395 -5.01236 -3.26881e-06 1.97514e-06 6.64252e-06 1.53754e-05
 0.38 1.05551 -0.671702 -2.47787 -4.9941 1.05481 -0.668937 -2.27148 -4.94636 -3.23477e-06 2.05151e-06 6.97337e-06 1.51706e-05
 0.385 1.04283 -0.696319 -2.58773 -4.85203 1.04318 -0.693499 -2.37723 -4.87853 -3.19909e-06 2.12683e-06 7.29782e-06 1.49599e-05
 0.39 1.02968 -0.720224 -2.66862 -4.71139 1.03104 -0.717719 -2.48121 -4.80881 -3.1618e-06 2.20109e-06 7.61584e-06 1.47435e-05
 0.395 1.01619 -0.743452 -2.7244 -4.58245 1.01838 -0.741584 -2.58335 -4.73715 -3.12294e-06 2.27426e-06 7.92741e-06 1.45216e-05
 0.4 1.00246 -0.766081 -2.76266 -4.47242 1.00521 -0.765087 -2.68357 -4.66351 -3.08254e-06 2.3463e-06 8.2325e-06 1.42945e-05
 0.405 0.988573 -0.788214 -2.79257 -4.38444 0.991543 -0.788216 -2.78175 -4.58791 -3.04062e-06 2.4172e-06 8.5311e-06 1.40622e-05
 0.41 0.974536 -0.809961 -2.82286 -4.31779 0.977394 -0.810963 -2.87778 -4.51042 -2.99724e-06 2.48692e-06 8.82319e-06 1.38249e-05
 0.415 0.960332 -0.831422 -2.86045 -4.26895 0.962769 -0.833317 -2.97157 -4.43114 -2.9524e-06 2.55544e-06 9.10876e-06 1.35829e-05
 0.42 0.945911 -0.852672 -2.90993 -4.23287 0.947682 -0.855271 -3.06306 -4.35018 -2.90616e-06 2.62274e-06 9.38781e-06 1.33363e-05
 0.425 0.931209 -0.873763 -2.97362 -4.20417 0.932143 -0.876817 -3.15222 -4.26767 -2.85854e-06 2.68879e-06 9.66032e-06 1.30852e-05
 0.43 0.91615 -0.894718 -3.05217 -4.17781 0.916163 -0.897946 -3.23905 -4.18371 -2.80957e-06 2.75358e-06 9.9263e-06 1.28298e-05
 0.435 0.900663 -0.915537 -3.14511 -4.14942 0.899756 -0.918651 -3.32356 -4.09841 -2.75928e-06 2.81708e-06 1.01857e-05 1.25703e-05
 0.44 0.884677 -0.936202 -3.2514 -4.11517 0.882932 -0.938928 -3.40574 -4.01186 -2.70772e-06 2.87928e-06 1.04387e-05 1.23068e-05
 0.445 0.868129 -0.956673 -3.36958 -4.0715 0.865702 -0.958768 -3.48563 -3.92415 -2.65491e-06 2.94015e-06 1.0685e-05 1.20394e-05
 0.45 0.850964 -0.976895 -3.49774 -4.01484 0.848079 -0.978167 -3.56324 -3.83538 -2.60088e-06 2.99967e-06 1.09249e-05 1.17684e-05
 0.455 0.833139 -0.996794 -3.63304 -3.94142 0.830074 -0.99712 -3.63862 -3.74563 -2.54567e-06 3.05782e-06 1.11582e-05 1.14937e-05
 0.46 0.814629 -1.01628 -3.77111 -3.84753 0.811697 -1.01562 -3.71182 -3.655 -2.48931e-06 3.1146e-06 1.13851e-05 1.12157e-05
 0.465 0.795434 -1.03523 -3.9054 -3.73041 0.792959 -1.03367 -3.78291 -3.56356 -2.43183e-06 3.16997e-06 1.16054e-05 1.09343e-05
 0.47 0.775596 -1.05354 -4.02723 -3.58994 0.773871 -1.05126 -3.85201 -3.47135 -2.37327e-06 3.22394e-06 1.18192e-05 1.06498e-05
 0.475 0.755199 -1.0711 -4.12725 -3.43036 0.754442 -1.06838 -3.91923 -3.37837 -2.31365e-06 3.27647e-06 1.20266e-05 1.03622e-05
 0.48 0.734372 -1.08783 -4.19847 -3.26084 0.734681 -1.08504 -3.98467 -3.28454 -2.25301e-06 3.32755e-06 1.22274e-05 1.00717e-05
 0.485 0.713266 -1.10371 -4.23917 -3.09342 0.714598 -1.10122 -4.04834 -3.18977 -2.19139e-06 3.37718e-06 1.24218e-05 9.77844e-06
 0.49 0.692024 -1.11878 -4.25369 -2.93938 0.694201 -1.11693 -4.11019 -3.09394 -2.1288e-06 3.42533e-06 1.26098e-05 9.48247e-06
 0.495 0.670758 -1.13314 -4.2506 -2.80611 0.673499 -1.13216 -4.17014 -2.99702 -2.0653e-06 3.472e-06 1.27914e-05 9.18393e-06
 0.5 0.649532 -1.14688 -4.23969 -2.6962 0.652503 -1.1469 -4.22806 -2.89901 -2.0009e-06 3.51717e-06 1.29665e-05 8.88293e-06
 0.505 0.62836 -1.16014 -4.2297 -2.60829 0.631222 -1.16115 -4.28386 -2.79996 -1.93564e-06 3.56083e-06 1.31352e-05 8.57958e-06
 0.51 0.607222 -1.173 -4.22722 -2.53857 0.609668 -1.1749 -4.33745 -2.69995 -1.86956e-06 3.60296e-06 1.32975e-05 8.27399e-06
 0.515 0.586068 -1.18554 -4.23652 -2.48207 0.587852 -1.18815 -4.3888 -2.59908 -1.80268e-06 3.64356e-06 1.34535e-05 7.96626e-06
 0.52 0.564833 -1.19783 -4.25986 -2.43359 0.565784 -1.20089 -4.43789 -2.49744 -1.73504e-06 3.68262e-06 1.3603e-05 7.65649e-06
 0.525 0.543445 -1.20989 -4.29795 -2.38826 0.543477 -1.21312 -4.4847 -2.39512 -1.66666e-06 3.72012e-06 1.37463e-05 7.34478e-06
 0.53 0.521829 -1.22171 -4.35044 -2.34172 0.520941 -1.22484 -4.52925 -2.29221 -1.59758e-06 3.75606e-06 1.38832e-05 7.03123e-06
 0.535 0.499918 -1.23329 -4.41629 -2.29013 0.498188 -1.23604 -4.57155 -2.18878 -1.52784e-06 3.79043e-06 1.40138e-05 6.71594e-06
 0.54 0.477647 -1.2446 -4.49402 -2.22996 0.475229 -1.24673 -4.61163 -2.08491 -1.45746e-06 3.82322e-06 1.41381e-05 6.39899e-06
 0.545 0.454961 -1.25557 -4.58166 -2.15777 0.452075 -1.25689 -4.64951 -1.98067 -1.38647e-06 3.85442e-06 1.4256e-05 6.08048e-06
 0.55 0.431818 -1.26615 -4.67648 -2.07002 0.428737 -1.26653 -4.68523 -1.87613 -1.31491e-06 3.88402e-06 1.43677e-05 5.7605e-06
 0.555 0.408191 -1.27624 -4.77444 -1.96317 0.405226 -1.27565 -4.71885 -1.77136 -1.2428e-06 3.91202e-06 1.44732e-05 5.43914e-06
 0.56 0.384078 -1.28575 -4.86951 -1.8343 0.381552 -1.28425 -4.75044 -1.66643 -1.17019e-06 3.93841e-06 1.45723e-05 5.11649e-06
 0.565 0.359514 -1.29455 -4.95339 -1.6826 0.357725 -1.29232 -4.7801 -1.56137 -1.09709e-06 3.96319e-06 1.46653e-05 4.79262e-06
 0.57 0.334579 -1.30254 -5.01643 -1.51137 0.333754 -1.29986 -4.80795 -1.45618 -1.02354e-06 3.98634e-06 1.4752e-05 4.46763e-06
 0.575 0.309399 -1.30964 -5.05051 -1.32927 0.309648 -1.30688 -4.8341 -1.35078 -9.4958e-07 4.00786e-06 1.48324e-05 4.1416e-06
 0.58 0.284128 -1.31583 -5.05278 -1.14896 0.285416 -1.31337 -4.85858 -1.24503 -8.75229e-07 4.02775e-06 1.49067e-05 3.8146e-06
 0.585 0.258918 -1.32116 -5.02739 -0.982966 0.261066 -1.31933 -4.88134 -1.13882 -8.00523e-07 4.04601e-06 1.49748e-05 3.48673e-06
 0.59 0.233885 -1.3257 -4.98371 -0.839489 0.236606 -1.32476 -4.90228 -1.03208 -7.25492e-07 4.06262e-06 1.50366e-05 3.15805e-06
 0.595 0.209093 -1.32959 -4.93252 -0.721022 0.212046 -1.32965 -4.92126 -0.924803 -6.50167e-07 4.07758e-06 1.50923e-05 2.82865e-06
 0.6 0.184557 -1.33295 -4.88305 -0.625568 0.187396 -1.334 -4.93819 -0.817034 -5.74579e-07 4.0909e-06 1.51418e-05 2.49861e-06
 0.605 0.160249 -1.33588 -4.84181 -0.548694 0.162668 -1.33782 -4.95297 -0.708855 -4.9876e-07 4.10257e-06 1.51851e-05 2.168e-06
 0.61 0.136118 -1.33846 -4.81276 -0.485138 0.13787 -1.34109 -4.96558 -0.600354 -4.22739e-07 4.11258e-06 1.52222e-05 1.8369e-06
 0.615 0.112098 -1.34074 -4.79788 -0.429687 0.113016 -1.34382 -4.97598 -0.491619 -3.46548e-07 4.12094e-06 1.52532e-05 1.50538e-06
 0.62 0.0881146 -1.34276 -4.79773 -0.377555 0.0881143 -1.34601 -4.98417 -0.382733 -2.70217e-07 4.12764e-06 1.5278e-05 1.17352e-06
 0.625 0.0640962 -1.34452 -4.81191 -0.324474 0.0631776 -1.34765 -4.99016 -0.27377 -1.93778e-07 4.13267e-06 1.52967e-05 8.41406e-07
 0.63 0.0399733 -1.346 -4.83935 -0.266646 0.0382164 -1.34874 -4.99395 -0.164803 -1.17261e-07 4.13605e-06 1.53092e-05 5.09099e-07
 0.635 0.0156831 -1.34717 -4.87849 -0.200606 0.0132417 -1.3493 -4.99558 -0.0558963 -4.06966e-08 4.13776e-06 1.53155e-05 1.76678e-07
 0.64 -0.00882784 -1.34799 -4.92727 -0.123052 -0.0117358 -1.3493 -4.99505 0.0528851 3.5884e-08 4.13782e-06 1.53157e-05 -1.55783e-07
 0.645 -0.0336012 -1.34838 -4.98292 -0.0306994 -0.0367054 -1.34877 -4.99242 0.161477 1.1245e-07 4.13621e-06 1.53097e-05 -4.88209e-07
 0.65 -0.0586623 -1.34826 -5.0416 0.0796819 -0.0616565 -1.34769 -4.98772 0.269817 1.88971e-07 4.13293e-06 1.52976e-05 -8.20526e-07
 0.655 -0.084013 -1.34755 -5.09771 0.210823 -0.0865792 -1.34607 -4.98102 0.377847 2.65416e-07 4.128e-06 1.52794e-05 -1.15266e-06
 0.66 -0.109622 -1.34612 -5.14354 0.363798 -0.111464 -1.34391 -4.97241 0.48553 3.41755e-07 4.12141e-06 1.52549e-05 -1.48453e-06
 0.665 -0.135415 -1.34387 -5.1697 0.536131 -0.1363 -1.34122 -4.962 0.59287 4.17955e-07 4.11316e-06 1.52243e-05 -1.81607e-06
 0.67 -0.161271 -1.34074 -5.16749 0.720062 -0.161081 -1.33798 -4.9499 0.699936 4.93988e-07 4.10325e-06 1.51876e-05 -2.1472e-06
 0.675 -0.187035 -1.33668 -5.13277 0.903013 -0.185796 -1.33422 -4.93615 0.806853 5.69821e-07 4.09169e-06 1.51447e-05 -2.47784e-06
 0.68 -0.21255 -1.33173 -5.06888 1.07145 -0.210439 -1.32991 -4.92071 0.913758 6.45424e-07 4.07847e-06 1.50956e-05 -2.80793e-06
 0.685 -0.237691 -1.326 -4.98551 1.21596 -0.235001 -1.32508 -4.90347 1.02074 7.20766e-07 4.06361e-06 1.50403e-05 -3.13737e-06
 0.69 -0.262392 -1.31962 -4.89446 1.33366 -0.259471 -1.31971 -4.88428 1.12781 7.95817e-07 4.0471e-06 1.49788e-05 -3.46609e-06
 0.695 -0.28664 -1.31271 -4.80577 1.42696 -0.28384 -1.3138 -4.86301 1.2349 8.70544e-07 4.02895e-06 1.49112e-05 -3.79402e-06
 0.7 -0.310465 -1.30538 -4.72618 1.50102 -0.308097 -1.30736 -4.83959 1.34194 9.44918e-07 4.00916e-06 1.48373e-05 -4.12107e-06
 0.705 -0.333923 -1.29772 -4.65944 1.5616 -0.332232 -1.30038 -4.81397 1.44883 1.01891e-06 3.98774e-06 1.47572e-05 -4.44717e-06
 0.71 -0.357084 -1.28978 -4.60719 1.61413 -0.356233 -1.29287 -4.78611 1.55547 1.09248e-06 3.96469e-06 1.46709e-05 -4.77223e-06
 0.715 -0.38002 -1.28158 -4.56974 1.66341 -0.38009 -1.28483 -4.75602 1.66177 1.16561e-06 3.94002e-06 1.45784e-05 -5.09617e-06
 0.72 -0.402805 -1.27314 -4.54652 1.71366 -0.40379 -1.27625 -4.7237 1.76767 1.23825e-06 3.91373e-06 1.44796e-05 -5.4189e-06
 0.725 -0.425507 -1.26444 -4.53637 1.76861 -0.427323 -1.26715 -4.68916 1.87309 1.31039e-06 3.88583e-06 1.43745e-05 -5.74035e-06
 0.73 -0.448188 -1.25544 -4.53759 1.83168 -0.450678 -1.25752 -4.65242 1.97796 1.38199e-06 3.85633e-06 1.42632e-05 -6.06041e-06
 0.735 -0.470898 -1.2461 -4.54799 1.90604 -0.473843 -1.24737 -4.61349 2.0822 1.45301e-06 3.82523e-06 1.41457e-05 -6.37902e-06
 0.74 -0.493678 -1.23636 -4.56466 1.99473 -0.496809 -1.2367 -4.57241 2.18576 1.52343e-06 3.79254e-06 1.40218e-05 -6.69606e-06
 0.745 -0.516549 -1.22613 -4.58374 2.1006 -0.519564 -1.22552 -4.52922 2.28858 1.59322e-06 3.75827e-06 1.38916e-05 -7.01147e-06
 0.75 -0.539511 -1.21532 -4.59994 2.22596 -0.542098 -1.21382 -4.48398 2.39058 1.66234e-06 3.72243e-06 1.37551e-05 -7.32513e-06
 0.755 -0.562532 -1.20383 -4.60615 2.37173 -0.564401 -1.20161 -4.43677 2.49173 1.73076e-06 3.68502e-06 1.36122e-05 -7.63695e-06
 0.76 -0.585541 -1.19157 -4.59365 2.53583 -0.586462 -1.1889 -4.38768 2.59203 1.79845e-06 3.64606e-06 1.34631e-05 -7.94685e-06
 0.765 -0.608422 -1.17845 -4.55382 2.71147 -0.608274 -1.17569 -4.33683 2.69152 1.86538e-06 3.60556e-06 1.33075e-05 -8.25471e-06
 0.77 -0.631024 -1.16446 -4.48165 2.88682 -0.629828 -1.16199 -4.28426 2.7903 1.93152e-06 3.56352e-06 1.31456e-05 -8.56044e-06
 0.775 -0.653188 -1.14961 -4.37925 3.04799 -0.651114 -1.14779 -4.22995 2.88852 1.99683e-06 3.51996e-06 1.29773e-05 -8.86393e-06
 0.78 -0.674782 -1.13402 -4.25593 3.18434 -0.672124 -1.1331 -4.17377 2.98627 2.06128e-06 3.47488e-06 1.28025e-05 -9.16508e-06
 0.785 -0.695733 -1.11782 -4.12425 3.29205 -0.692848 -1.11793 -4.11558 3.08354 2.12484e-06 3.42831e-06 1.26214e-05 -9.46378e-06
 0.79 -0.716029 -1.10114 -3.99522 3.37362 -0.713276 -1.10227 -4.05523 3.18029 2.18748e-06 3.38025e-06 1.24338e-05 -9.75992e-06
 0.795 -0.735702 -1.08411 -3.87611 3.43478 -0.733397 -1.08613 -3.99263 3.2764 2.24917e-06 3.33072e-06 1.22398e-05 -1.00534e-05
 0.8 -0.754813 -1.06682 -3.77064 3.48196 -0.753199 -1.06951 -3.92774 3.37175 2.30987e-06 3.27972e-06 1.20394e-05 -1.0344e-05
 0.805 -0.773433 -1.04931 -3.68017 3.52096 -0.772671 -1.05241 -3.86054 3.46624 2.36955e-06 3.22728e-06 1.18324e-05 -1.06318e-05
 0.81 -0.79164 -1.03161 -3.60467 3.55671 -0.7918 -1.03485 -3.79102 3.55977 2.42818e-06 3.17341e-06 1.1619e-05 -1.09165e-05
 0.815 -0.809504 -1.01374 -3.54335 3.5934 -0.810577 -1.01681 -3.71918 3.65225 2.48573e-06 3.11812e-06 1.13991e-05 -1.11981e-05
 0.82 -0.827095 -0.995671 -3.4949 3.63474 -0.828988 -0.998325 -3.64505 3.74358 2.54216e-06 3.06143e-06 1.11727e-05 -1.14764e-05
 0.825 -0.844472 -0.977378 -3.45749 3.6841 -0.847023 -0.979381 -3.56863 3.83369 2.59745e-06 3.00336e-06 1.09398e-05 -1.17512e-05
 0.83 -0.861684 -0.958812 -3.42872 3.7446 -0.864671 -0.95999 -3.48996 3.92249 2.65155e-06 2.94393e-06 1.07003e-05 -1.20225e-05
 0.835 -0.878768 -0.939909 -3.40546 3.8191 -0.881919 -0.940159 -3.40907 4.0099 2.70444e-06 2.88314e-06 1.04543e-05 -1.22901e-05
 0.84 -0.895741 -0.920593 -3.38369 3.91005 -0.898758 -0.919893 -3.326 4.09585 2.75608e-06 2.82103e-06 1.02018e-05 -1.25539e-05
 0.845 -0.912599 -0.900778 -3.35817 4.01919 -0.915176 -0.899203 -3.24083 4.18027 2.80645e-06 2.75761e-06 9.9428e-06 -1.28136e-05
 0.85 -0.929306 -0.88037 -3.32227 4.1469 -0.931163 -0.878093 -3.15362 4.2631 2.8555e-06 2.6929e-06 9.67723e-06 -1.30693e-05
 0.855 -0.945791 -0.859281 -3.26815 4.291 -0.946709 -0.856574 -3.06447 4.34432 2.90321e-06 2.62693e-06 9.40513e-06 -1.33206e-05
 0.86 -0.961943 -0.837442 -3.18796 4.44537 -0.961804 -0.834653 -2.97349 4.42395 2.94954e-06 2.5597e-06 9.12649e-06 -1.35676e-05
 0.865 -0.977618 -0.814828 -3.07657 4.59932 -0.976441 -0.812337 -2.88072 4.50207 2.99446e-06 2.49126e-06 8.84133e-06 -1.38099e-05
 0.87 -0.992658 -0.791472 -2.93492 4.7395 -0.990609 -0.789635 -2.78616 4.57877 3.03794e-06 2.42161e-06 8.54965e-06 -1.40474e-05
 0.875 -1.00693 -0.767475 -2.77127 4.85452 -1.0043 -0.766552 -2.68973 4.65415 3.07995e-06 2.35079e-06 8.25146e-06 -1.428e-05
 0.88 -1.02035 -0.742978 -2.5982 4.93936 -1.0175 -0.743095 -2.59126 4.7282 3.12044e-06 2.27882e-06 7.94678e-06 -1.45075e-05
 0.885 -1.03292 -0.718129 -2.42766 4.99592 -1.03021 -0.719272 -2.49062 4.80085 3.1594e-06 2.20573e-06 7.63562e-06 -1.47297e-05
 0.89 -1.04465 -0.693056 -2.26773 5.03026 -1.04241 -0.695089 -2.38773 4.87196 3.19679e-06 2.13153e-06 7.318e-06 -1.49464e-05
 0.895 -1.05562 -0.667852 -2.1224 5.04947 -1.05408 -0.670555 -2.28254 4.94138 3.23257e-06 2.05627e-06 6.99395e-06 -1.51575e-05
 0.9 -1.0659 -0.642576 -1.99284 5.05985 -1.06523 -0.645679 -2.17504 5.00897 3.26672e-06 1.97997e-06 6.66351e-06 -1.53627e-05
 0.905 -1.07557 -0.61726 -1.87871 5.06656 -1.07583 -0.620469 -2.06526 5.07462 3.2992e-06 1.90265e-06 6.32669e-06 -1.55619e-05
 0.91 -1.08471 -0.59191 -1.77895 5.07385 -1.08588 -0.594936 -1.95322 5.13819 3.32998e-06 1.82436e-06 5.98354e-06 -1.57548e-05
 0.915 -1.09338 -0.566514 -1.69207 5.08538 -1.09536 -0.569091 -1.83895 5.19958 3.35902e-06 1.74512e-06 5.6341e-06 -1.59412e-05
 0.92 -1.10165 -0.541043 -1.61613 5.10452 -1.10426 -0.542944 -1.72249 5.25869 3.38631e-06 1.66496e-06 5.27843e-06 -1.6121e-05
 0.925 -1.10956 -0.515451 -1.54857 5.13443 -1.11258 -0.516508 -1.60388 5.3154 3.4118e-06 1.58392e-06 4.91657e-06 -1.6294e-05
 0.93 -1.11714 -0.489676 -1.486 5.17788 -1.1203 -0.489794 -1.4832 5.3696 3.43546e-06 1.50203e-06 4.54858e-06 -1.64598e-05
 0.935 -1.12442 -0.463646 -1.42403 5.23705 -1.12741 -0.462816 -1.36051 5.4212 3.45727e-06 1.41933e-06 4.17454e-06 -1.66183e-05
 0.94 -1.13138 -0.437277 -1.35724 5.31309 -1.1339 -0.435587 -1.2359 5.47012 3.4772e-06 1.33586e-06 3.79452e-06 -1.67693e-05
 0.945 -1.13797 -0.410487 -1.27923 5.40554 -1.13976 -0.408119 -1.10949 5.51627 3.49521e-06 1.25165e-06 3.40859e-06 -1.69125e-05
 0.95 -1.14414 -0.383199 -1.18302 5.51157 -1.14499 -0.380429 -0.981367 5.55961 3.51127e-06 1.16675e-06 3.01686e-06 -1.70477e-05
 0.955 -1.14976 -0.355359 -1.06201 5.62513 -1.14957 -0.352528 -0.85166 5.60015 3.52537e-06 1.08119e-06 2.61941e-06 -1.71747e-05
 0.96 -1.15471 -0.326951 -0.911921 5.73665 -1.1535 -0.324432 -0.720452 5.63791 3.53746e-06 9.95015e-07 2.21635e-06 -1.72932e-05
 0.965 -1.15883 -0.298016 -0.733287 5.83413 -1.15678 -0.296153 -0.587773 5.67295 3.54752e-06 9.08272e-07 1.8078e-06 -1.74029e-05
 0.97 -1.16201 -0.268652 -0.532959 5.90653 -1.15938 -0.267707 -0.453583 5.70533 3.55553e-06 8.21001e-07 1.39387e-06 -1.75037e-05
 0.975 -1.16415 -0.239003 -0.32259 5.94782 -1.16131 -0.239105 -0.317787 5.73504 3.56145e-06 7.3325e-07 9.74721e-07 -1.75952e-05
 0.98 -1.16523 -0.209225 -0.11445 5.9587 -1.16255 -0.210361 -0.180285 5.76198 3.56527e-06 6.45065e-07 5.5048e-07 -1.76772e-05
 0.985 -1.16531 -0.179457 0.0824078 5.9449 -1.16311 -0.18149 -0.0410199 5.78601 3.56695e-06 5.56494e-07 1.21306e-07 -1.77495e-05
 0.99 -1.16444 -0.149805 0.263317 5.91393 -1.16296 -0.152506 0.100008 5.80693 3.56647e-06 4.67587e-07 -3.12631e-07 -1.78118e-05
 0.995 -1.1627 -0.120335 0.427004 5.87269 -1.16211 -0.123426 0.242756 5.82459 3.56381e-06 3.78393e-07 -7.51152e-07 -1.78638e-05
 1 -1.1602 -0.0910857 0.574049 5.82675 -1.16053 -0.0942657 0.387153 5.83884 3.55895e-06 2.88966e-07 -1.19407e-06 -1.79053e-05
 1.005 -1.15699 -0.0620684 0.705807 5.78045 -1.15823 -0.0650433 0.533115 5.84952 3.55187e-06 1.99358e-07 -1.64117e-06 -1.7936e-05
 1.01 -1.15316 -0.0332758 0.82394 5.73741 -1.1552 -0.0357766 0.680549 5.85652 3.54253e-06 1.09624e-07 -2.09223e-06 -1.79557e-05
 1.015 -1.14877 -0.00468319 0.930431 5.70098 -1.15142 -0.00648444 0.829356 5.8597 3.53094e-06 1.98201e-08 -2.54703e-06 -1.7964e-05
 1.02 -1.14387 0.0237505 1.02786 5.67438 -1.1469 0.0228138 0.979423 5.85894 3.51706e-06 -6.99964e-08 -3.00532e-06 -1.79607e-05
 1.025 -1.1385 0.052082 1.11978 5.66054 -1.14163 0.0520981 1.13062 5.85411 3.50088e-06 -1.59767e-07 -3.46684e-06 -1.79456e-05
 1.03 -1.13267 0.0803811 1.21094 5.66167 -1.13559 0.081348 1.2828 5.84511 3.48238e-06 -2.49432e-07 -3.9313e-06 -1.79183e-05
 1.035 -1.12638 0.108725 1.30728 5.67857 -1.1288 0.110542 1.43579 5.83185 3.46156e-06 -3.3893e-07 -4.39842e-06 -1.78788e-05
 1.04 -1.11958 0.137191 1.41542 5.70989 -1.12124 0.139659 1.58942 5.81424 3.4384e-06 -4.28198e-07 -4.86789e-06 -1.78265e-05
 1.045 -1.1122 0.165842 1.54184 5.75166 -1.1129 0.168677 1.74349 5.79227 3.41288e-06 -5.17174e-07 -5.33937e-06 -1.77615e-05
 1.05 -1.10412 0.194714 1.69174 5.79715 -1.1038 0.197575 1.89784 5.76592 3.385e-06 -6.05791e-07 -5.81254e-06 -1.76833e-05
 1.055 -1.09524 0.223805 1.86766 5.83724 -1.09393 0.226329 2.0523 5.73524 3.35475e-06 -6.93985e-07 -6.28702e-06 -1.75918e-05
 1.06 -1.08541 0.25306 2.06816 5.86161 -1.08328 0.25492 2.20679 5.70027 3.32213e-06 -7.81687e-07 -6.76244e-06 -1.74867e-05
 1.065 -1.07452 0.282378 2.28714 5.86087 -1.07186 0.283325 2.36123 5.66105 3.28713e-06 -8.68829e-07 -7.2384e-06 -1.73678e-05
 1.07 -1.06252 0.311617 2.51454 5.82922 -1.05967 0.311523 2.51561 5.61758 3.24974e-06 -9.55341e-07 -7.71451e-06 -1.72349e-05
 1.075 -1.04938 0.340618 2.73896 5.76625 -1.0467 0.339494 2.66993 5.56981 3.20998e-06 -1.04115e-06 -8.19031e-06 -1.70879e-05
 1.08 -1.03515 0.369234 2.95092 5.67655 -1.03297 0.367214 2.82416 5.5176 3.16784e-06 -1.1262e-06 -8.66537e-06 -1.69264e-05
 1.085 -1.0199 0.39735 3.14478 5.56736 -1.01846 0.394662 2.97821 5.46083 3.12333e-06 -1.21039e-06 -9.13922e-06 -1.67504e-05
 1.09 -1.00374 0.424888 3.31861 5.44609 -1.00318 0.421814 3.13193 5.39935 3.07645e-06 -1.29368e-06 -9.61138e-06 -1.65597e-05
 1.095 -0.986751 0.451801 3.47296 5.31886 -0.987141 0.448647 3.28517 5.33304 3.02722e-06 -1.37597e-06 -1.00813e-05 -1.63541e-05
 1.1 -0.969038 0.478074 3.60944 5.19034 -0.970334 0.475137 3.43772 5.2618 2.97564e-06 -1.45719e-06 -1.05486e-05 -1.61336e-05
 1.105 -0.950683 0.503709 3.73 5.06419 -0.952766 0.501257 3.5894 5.18556 2.92174e-06 -1.53728e-06 -1.10126e-05 -1.5898e-05
 1.11 -0.931761 0.528725 3.83668 4.94358 -0.934442 0.526984 3.74 5.10425 2.86552e-06 -1.61615e-06 -1.14728e-05 -1.56472e-05
 1.115 -0.912336 0.553159 3.93189 4.8317 -0.915368 0.552291 3.88929 5.01781 2.80702e-06 -1.69372e-06 -1.19287e-05 -1.53812e-05
 1.12 -0.892456 0.577062 4.01892 4.73171 -0.895551 0.577153 4.03705 4.92619 2.74624e-06 -1.76993e-06 -1.23796e-05 -1.50999e-05
 1.125 -0.872152 0.600501 4.10255 4.64633 -0.875 0.601544 4.18304 4.82935 2.68323e-06 -1.8447e-06 -1.2825e-05 -1.48034e-05
 1.13 -0.851426 0.623552 4.18921 4.57681 -0.853724 0.625438 4.32696 4.72729 2.618e-06 -1.91794e-06 -1.32643e-05 -1.44915e-05
 1.135 -0.830243 0.646293 4.28644 4.52166 -0.831735 0.648808 4.46853 4.62003 2.5506e-06 -1.98959e-06 -1.36969e-05 -1.41645e-05
 1.14 -0.808532 0.668785 4.40129 4.47578 -0.809043 0.67163 4.60746 4.50767 2.48105e-06 -2.05956e-06 -1.4122e-05 -1.38224e-05
 1.145 -0.786192 0.691053 4.5383 4.43087 -0.785665 0.693877 4.74349 4.39032 2.40939e-06 -2.12779e-06 -1.45392e-05 -1.34651e-05
 1.15 -0.76311 0.713079 4.69801 4.37708 -0.761614 0.715525 4.87639 4.26817 2.33567e-06 -2.19419e-06 -1.49478e-05 -1.3093e-05
 1.155 -0.73918 0.734793 4.87679 4.30504 -0.736906 0.736551 5.006 4.14136 2.25993e-06 -2.25869e-06 -1.5347e-05 -1.27061e-05
 1.16 -0.714322 0.756086 5.06759 4.20763 -0.71156 0.756931 5.13219 4.01006 2.18222e-06 -2.32122e-06 -1.57364e-05 -1.23047e-05
 1.165 -0.688499 0.77682 5.26125 4.08111 -0.68559 0.776644 5.25486 3.87438 2.10258e-06 -2.38171e-06 -1.61151e-05 -1.18889e-05
 1.17 -0.661721 0.796849 5.44814 3.92558 -0.659017 0.795668 5.37391 3.73441 2.02108e-06 -2.44009e-06 -1.64827e-05 -1.14591e-05
 1.175 -0.634043 0.816034 5.61984 3.74476 -0.631858 0.813981 5.48923 3.59021 1.93778e-06 -2.49628e-06 -1.68384e-05 -1.10156e-05
 1.18 -0.605558 0.834264 5.77053 3.5449 -0.604131 0.831563 5.60068 3.44182 1.85272e-06 -2.55022e-06 -1.71816e-05 -1.05587e-05
 1.185 -0.576378 0.851463 5.89753 3.33313 -0.575857 0.848392 5.70808 3.28927 1.76598e-06 -2.60185e-06 -1.75117e-05 -1.00887e-05
 1.19 -0.546622 0.867587 6.0008 3.11603 -0.547057 0.864449 5.81124 3.13262 1.67763e-06 -2.65109e-06 -1.7828e-05 -9.6061e-06
 1.195 -0.516407 0.882623 6.08201 2.89892 -0.517753 0.879712 5.90993 2.97196 1.58773e-06 -2.69789e-06 -1.813e-05 -9.11136e-06
 1.2 -0.485835 0.896582 6.14347 2.68577 -0.487966 0.894162 6.00393 2.8074 1.49635e-06 -2.74218e-06 -1.84171e-05 -8.60494e-06
 1.205 -0.455001 0.909493 6.18769 2.47974 -0.457721 0.907779 6.09302 2.63908 1.40358e-06 -2.78392e-06 -1.86887e-05 -8.08738e-06
 1.21 -0.423983 0.921397 6.21722 2.28366 -0.427044 0.920546 6.177 2.46714 1.30949e-06 -2.82304e-06 -1.89443e-05 -7.55922e-06
 1.215 -0.392848 0.932351 6.23504 2.10041 -0.39596 0.932445 6.25565 2.29174 1.21416e-06 -2.85949e-06 -1.91833e-05 -7.02106e-06
 1.22 -0.361645 0.942427 6.24525 1.93293 -0.364497 0.943458 6.32877 2.11307 1.11769e-06 -2.89324e-06 -1.94052e-05 -6.47352e-06
 1.225 -0.330398 0.95171 6.25385 1.78345 -0.332682 0.953571 6.39612 1.9313 1.02014e-06 -2.92422e-06 -1.96096e-05 -5.91727e-06
 1.23 -0.299096 0.960292 6.26889 1.65194 -0.300546 0.962767 6.45747 1.74666 9.21621e-07 -2.95239e-06 -1.9796e-05 -5.35298e-06
 1.235 -0.267684 0.968253 6.29919 1.53404 -0.268118 0.971033 6.51257 1.55944 8.22212e-07 -2.97773e-06 -1.99641e-05 -4.78137e-06
 1.24 -0.236067 0.97564 6.35116 1.42034 -0.235431 0.978357 6.56124 1.37 7.22011e-07 -3.0002e-06 -2.01135e-05 -4.20317e-06
 1.245 -0.204134 0.982443 6.42542 1.29859 -0.202516 0.98473 6.60334 1.17874 6.21109e-07 -3.01976e-06 -2.02438e-05 -3.61916e-06
 1.25 -0.171785 0.988594 6.51614 1.15796 -0.169408 0.990142 6.63887 0.986041 5.19605e-07 -3.03638e-06 -2.03547e-05 -3.03011e-06
 1.255 -0.138961 0.99398 6.61357 0.992266 -0.136139 0.994588 6.66784 0.792245 4.17595e-07 -3.05005e-06 -2.04461e-05 -2.43682e-06
 1.26 -0.105655 0.998472 6.70743 0.800404 -0.102741 0.998063 6.69033 0.597635 3.15177e-07 -3.06074e-06 -2.05176e-05 -1.84012e-06
 1.265 -0.0719077 1.00194 6.789 0.584965 -0.0692462 1.00056 6.70637 0.402454 2.12452e-07 -3.06845e-06 -2.05692e-05 -1.24083e-06
 1.27 -0.0377969 1.00429 6.8518 0.350719 -0.0356876 1.00209 6.71602 0.206922 1.09519e-07 -3.07315e-06 -2.06007e-05 -6.39789e-07
